0S,0C
0 0
2090 1
2112 1
2283 1
1337 1
2298 1
1337 1
1337 1
1337 1
1337 1
2782 1
2782 1
2260 1
2294 1
108341 1
108434 1
108192 1
108436 1
108436 1
108220 1
108209 1
108436 1
108434 1
108219 1
108220 1
108201 1
108433 1
108433 1
108217 1
108223 1
108436 1
108434 1
108219 1
108435 1
108436 1
108434 1
108435 1
108435 1
108189 1
108435 1
108440 1
108207 1
108436 1
108201 1
108441 1
108436 1
108436 1
108436 1
108436 1
108478 1
108434 1
108439 1
108434 1
108183 1
108451 1
108450 1
108455 1
108198 1
108228 1
108477 1
108436 1
108438 1
108439 1
108189 1
108189 1
108436 1
108226 1
108202 1
108435 1
108352 1
108438 1
108437 1
108213 1
108435 1
108225 1
108329 1
108207 1
108434 1
108435 1
108434 1
108438 1
108348 1
108434 1
108443 1
108436 1
108439 1
108213 1
108201 1
108444 1
108440 1
108436 1
108220 1
108214 1
108330 1
108435 1
108202 1
108436 1
108226 1
108436 1
108220 1
108436 1
108440 1
108202 1
108444 1
108440 1
108209 1
108436 1
108214 1
108442 1
108439 1
108171 1
108440 1
108207 1
108448 1
108438 1
108438 1
108438 1
108437 1
108450 1
108438 1
108437 1
108439 1
108438 1
108325 1
108325 1
108349 1
108439 1
108436 1
108329 1
108325 1
108438 1
108439 1
108183 1
108435 1
108326 1
108349 1
108435 1
108207 1
108436 1
108440 1
108440 1
108439 1
108362 1
108452 1
108330 1
108440 1
108184 1
108436 1
108441 1
108437 1
108440 1
108221 1
108440 1
108435 1
108439 1
108434 1
108357 1
108207 1
108327 1
108440 1
108226 1
108184 1
108226 1
108436 1
108440 1
108184 1
108440 1
108441 1
108439 1
108440 1
108435 1
108207 1
108201 1
108347 1
108439 1
108172 1
108358 1
108435 1
108345 1
108439 1
108195 1
108219 1
108434 1
108439 1
108434 1
108183 1
108184 1
108439 1
108435 1
108436 1
108441 1
108440 1
108443 1
108439 1
108437 1
108434 1
108212 1
108350 1
108335 1
108436 1
108326 1
108440 1
108439 1
108336 1
108206 1
108360 1
108434 1
108438 1
108336 1
108436 1
108434 1
108200 1
108342 1
108436 1
108196 1
108440 1
108330 1
108434 1
108183 1
108439 1
108438 1
108183 1
108342 1
108331 1
108435 1
108338 1
108190 1
108453 1
108435 1
108435 1
108435 1
108438 1
108457 1
108436 1
108438 1
108207 1
108207 1
108447 1
108358 1
108436 1
108440 1
108436 1
108338 1
108440 1
108214 1
108440 1
108446 1
108326 1
108440 1
108435 1
108439 1
108439 1
108435 1
108189 1
108219 1
108189 1
108436 1
108440 1
108440 1
108220 1
2675 1
2650 1
2652 1
2431 1
2446 1
2428 1
2644 1
2655 1
2644 1
2242 1
2671 1
2648 1
2216 1
2669 1
2643 1
2217 1
2458 1
2685 1
2653 1
2449 1
2644 1
2423 1
2645 1
2444 1
2438 1
2182 1
2222 1
2641 1
2648 1
2648 1
2648 1
2214 1
2638 1
2640 1
2643 1
2647 1
2214 1
2649 1
2647 1
2214 1
2648 1
2642 1
2648 1
2649 1
2643 1
2644 1
2209 1
2693 1
2655 1
2179 1
2654 1
2464 1
2648 1
2647 1
2643 1
2647 1
2204 1
2650 1
2452 1
2442 1
2236 1
2213 1
2647 1
2208 1
2245 1
2667 1
2646 1
2207 1
2644 1
2647 1
2459 1
2649 1
2648 1
2644 1
2643 1
2648 1
2215 1
2653 1
2222 1
2206 1
2694 1
2649 1
2648 1
2231 1
2444 1
2650 1
2247 1
2654 1
2221 1
2246 1
2478 1
2651 1
2206 1
2649 1
2651 1
2238 1
2225 1
2650 1
2648 1
2654 1
2650 1
2242 1
2460 1
2459 1
2655 1
2642 1
2644 1
2437 1
2437 1
2652 1
2651 1
2192 1
2653 1
2198 1
2438 1
2433 1
2653 1
2648 1
2643 1
2648 1
2443 1
2230 1
2464 1
2654 1
2654 1
2649 1
2179 1
2643 1
2649 1
2650 1
2210 1
2223 1
2709 1
2647 1
2478 1
2654 1
2455 1
2655 1
2650 1
2649 1
2215 1
2250 1
2673 1
2649 1
2178 1
2234 1
2223 1
2185 1
2191 1
2236 1
2187 1
2223 1
2197 1
2239 1
2217 1
2210 1
2190 1
2230 1
2186 1
2197 1
2191 1
2186 1
2192 1
2192 1
2191 1
2191 1
2193 1
2187 1
2231 1
2197 1
2247 1
2191 1
2198 1
2186 1
2190 1
2247 1
2192 1
2196 1
2185 1
2181 1
2199 1
2188 1
2231 1
2220 1
2236 1
2217 1
2230 1
2197 1
2190 1
2198 1
2201 1
2191 1
2681 1
2197 1
2194 1
2192 1
2186 1
2218 1
2192 1
2191 1
2192 1
2210 1
2189 1
2246 1
2195 1
2199 1
2236 1
2223 1
2240 1
2188 1
2186 1
2186 1
2197 1
2191 1
2191 1
2663 1
2176 1
2190 1
2211 1
2232 1
2195 1
2189 1
2244 1
2197 1
2186 1
2185 1
2189 1
2189 1
2240 1
2195 1
2673 1
2195 1
2216 1
2232 1
2182 1
2192 1
2247 1
2184 1
2195 1
2240 1
2696 1
2197 1
2191 1
2190 1
2186 1
2223 1
2178 1
2234 1
2255 1
2191 1
2193 1
2197 1
